100
16
1 L 38
4 L 14
9 L 31
17 S 7
21 L 42
28 L 84
51 L 67
54 S 34
62 S 19
64 S 60
71 L 91
80 L 100
87 S 24
93 S 73 
95 S 75
98 S 79

6

22
6 2 3 5 1
1 3 4 6 2
2 5 1 4 2
3 6 3 2 5 
3 4

10
6 5 4 3 2 1
6 5 4 3

100
1 1 1 1 1 1 1 1 1 1
1 1 1 1 1 1 1 1 1 1
1 1 1 1 1 1 1 1 1 1
1 1 1 1 1 1 1 1 1 1
1 1 1 1 1 1 1 1 1 1
1 1 1 1 1 1 1 1 1 1
1 1 1 1 1 1 1 1 1 1
1 1 1 1 1 1 1 1 1 1
1 1 1 1 1 1 1 1 1 1
1 1 1 1 1 1 1 1 1 1


100
6 6 6 6 6 6 6 6 5 6
1 1 1 1 1 1 1 1 1 1
1 1 1 1 1 1 1 1 1 1
1 1 1 1 1 1 1 1 1 1
1 1 1 1 1 1 1 1 1 1
1 1 1 1 1 1 1 1 1 1
1 1 1 1 1 1 1 1 1 1
1 1 1 1 1 1 1 1 1 1
1 1 1 1 1 1 1 1 1 1
1 1 1 1 1 1 1 1 1 1

100
6 6 6 6 6 6 6 6 5 6
5 1 3 1 3 1 3 1 3 1
3 1 3 1 3 1 3 1 3 1
1 3 1 3 1 3 1 3 1 3
3 1 3 1 3 1 3 1 3 1
1 3 1 3 1 3 1 3 1 3
3 1 3 1 3 1 3 1 3 1
1 3 1 3 1 3 1 3 1 3
3 1 3 1 3 1 3 1 3 1
1 3 1 3 1 3 1 3 1 3


100
6 6 6 6 6 6 6 6 5 6
5 1 3 1 3 1 3 1 3 1
3 1 3 1 3 1 3 1 3 1
3 1 3 1 3 1 3 1 3 1
3 1 3 1 3 1 3 1 3 1
3 1 3 1 3 1 3 1 3 1
3 1 3 1 3 1 3 1 3 1
3 1 3 1 3 1 3 1 3 1
3 1 3 1 3 1 3 1 3 1
3 1 3 1 3 1 3 1 3 1
